0


20
1 1 0.25 0 -0.25 
1 2 -0.25 0 -0.25 
1 3 0.25 0.35 -0.25 
1 4 -0.25 0.35 -0.25 
1 5 0.25 0.55 -0.25 
1 6 -0.25 0.55 -0.25 
1 7 -0.25 0.55 0.25 
1 8 0.25 0.55 0.25 
1 9 0.2 0 0.25 
1 10 -0.2 0 0.25 
1 11 0.2 0.35 0.25 
1 12 -0.2 0.35 0.25 
1 13 0.2 0.35 -0.25 
1 14 -0.2 0.35 -0.25 
1 15 0 0.35 -0.25 
1 16 0 0.35 0.25 
1 17 0.2 0.55 0.25 
1 18 -0.2 0.55 0.25 
1 19 -0.2 0.7 0.25 
1 20 0.2 0.7 0.25 


21
1  2 1 3 
0 0 0
0

1
0 0 0 0 0 0 
1
0 0 0 0 0 0 
0 -1
2  2 3 5 
0 0 0
0

1
0 0 0 0 0 0 
1
0 0 0 0 0 0 
0 -1
3  2 5 8 
0 0 0
0

1
0 0 0 0 0 0 
1
0 0 0 0 0 0 
0 -1
4  2 2 4 
0 0 0
0

1
0 0 0 0 0 0 
1
0 0 0 0 0 0 
0 -1
5  2 4 6 
0 0 0
0

1
0 0 0 0 0 0 
1
0 0 0 0 0 0 
0 -1
6  2 6 7 
0 0 0
0

1
0 0 0 0 0 0 
1
0 0 0 0 0 0 
0 -1
7  2 3 13 
0 0 0
0

1
0 0 0 0 0 0 
1
0 0 0 0 0 0 
0 -1
8  2 14 4 
0 0 0
0

1
0 0 0 0 0 0 
1
0 0 0 0 0 0 
0 -1
9  2 13 15 
0 0 0
0

1
0 0 0 0 0 0 
1
0 0 0 0 0 0 
0 -1
10  2 15 14 
0 0 0
0

1
0 0 0 0 0 0 
1
0 0 0 0 0 0 
0 -1
11  2 15 16 
0 0 0
0

1
0 0 0 0 0 0 
1
0 0 0 0 0 0 
0 -1
12  2 10 12 
0 0 0
0

1
0 0 0 0 0 0 
1
0 0 0 0 0 0 
0 -1
13  2 9 11 
0 0 0
0

1
0 0 0 0 0 0 
1
0 0 0 0 0 0 
0 -1
14  2 11 17 
0 0 0
0

1
0 0 0 0 0 0 
1
0 0 0 0 0 0 
0 -1
15  2 17 20 
0 0 0
0

1
0 0 0 0 0 0 
1
0 0 0 0 0 0 
0 -1
16  2 12 18 
0 0 0
0

1
0 0 0 0 0 0 
1
0 0 0 0 0 0 
0 -1
17  2 18 19 
0 0 0
0

1
0 0 0 0 0 0 
1
0 0 0 0 0 0 
0 -1
18  2 7 18 
0 0 0
0

1
0 0 0 0 0 0 
1
0 0 0 0 0 0 
0 -1
19  2 17 8 
0 0 0
0

1
0 0 0 0 0 0 
1
0 0 0 0 0 0 
0 -1
20  2 19 20 
0 0 0
0

1
0 0 0 0 0 0 
1
0 0 0 0 0 0 
0 -1
21  2 18 17 
0 0 0
0

1
0 0 0 0 0 0 
1
0 0 0 0 0 0 
0 -1


0


0


0
