# Generated by ObjectiveFrame 1.0
32 12 1
# Materials
0 2.1e+11 0.296296 0.00235 1.27065e-06 3.52394e-06
# Elements
0 0 4 0
1 4 5 0
2 5 1 0
3 5 7 0
4 7 2 0
5 6 3 0
6 6 4 0
7 6 7 0
8 4 8 0
9 8 10 0
10 10 5 0
11 10 11 0
12 11 7 0
13 9 11 0
14 9 6 0
15 9 8 0
16 2 6 0
17 3 7 0
18 6 11 0
19 7 9 0
20 6 8 0
21 9 4 0
22 3 4 0
23 6 0 0
24 0 5 0
25 1 4 0
26 5 8 0
27 4 10 0
28 5 11 0
29 10 7 0
30 1 7 0
31 5 2 0
# Nodes
0 -1 0 -1
1 -1 0 1
2 1 0 1
3 1 0 -1
4 -1 2 -1
5 -1 2 1
6 1 2 -1
7 1 2 1
8 -1 4 -1
9 1 4 -1
10 -1 4 1
11 1 4 1
# Local z-axis
0 -6.12323e-17 1.22465e-16 1
1 1 0 0
2 -6.12323e-17 1.22465e-16 -1
3 6.12323e-17 -6.12323e-17 -1
4 -6.12323e-17 1.22465e-16 -1
5 -6.12323e-17 1.22465e-16 -1
6 6.12323e-17 6.12323e-17 -1
7 1 0 0
8 -6.12323e-17 1.22465e-16 1
9 1 0 0
10 -6.12323e-17 1.22465e-16 -1
11 6.12323e-17 -6.12323e-17 -1
12 -6.12323e-17 1.22465e-16 -1
13 1 0 0
14 -6.12323e-17 1.22465e-16 -1
15 6.12323e-17 6.12323e-17 1
16 6.12323e-17 -0.707107 -0.707107
17 6.12323e-17 0.707107 -0.707107
18 6.12323e-17 0.707107 -0.707107
19 6.12323e-17 -0.707107 -0.707107
20 1.11022e-16 0 -1
21 -1.66533e-16 -5.55112e-17 -1
22 1.11022e-16 0 -1
23 -1.66533e-16 -5.55112e-17 -1
24 6.12323e-17 0.707107 -0.707107
25 6.12323e-17 -0.707107 -0.707107
26 6.12323e-17 -0.707107 -0.707107
27 6.12323e-17 0.707107 -0.707107
28 1.11022e-16 0 -1
29 -5.55112e-17 -5.55112e-17 -1
30 1.11022e-16 0 -1
31 -5.55112e-17 -5.55112e-17 -1
-10
# Prescribed displacement x
2 0
3 0
0 0
1 0
-10
# Prescribed displacement y
2 0
3 0
0 0
1 0
-10
# Prescribed displacement z
2 0
3 0
0 0
1 0
-10
# Prescribed rotation x
-10
# Prescribed rotation y
-10
# Prescribed rotation z
-10
# Nodal loads
-10
# Distributed loads
13 -1000 0
11 -1000 0
9 -1000 0
15 -1000 0
-10
# ---
-10
